2.800000 0.642857
3.500000 0.382820
3.500000 0.500884
3.500000 0.826941
3.500000 0.874997
3.900000 0.095066
3.900000 0.095514
3.900000 0.095623
3.900000 0.096312
3.900000 0.097229
3.900000 0.101540
3.900000 0.103863
3.900000 0.124568
3.900000 0.129348
3.900000 0.142046
3.900000 0.146538
3.900000 0.147657
3.900000 0.148727
3.900000 0.150818
3.900000 0.153068
3.900000 0.158883
3.900000 0.168098
3.900000 0.173847
3.900000 0.174353
3.900000 0.179722
3.900000 0.180748
3.900000 0.190356
3.900000 0.216643
3.900000 0.218871
3.900000 0.236477
3.900000 0.322692
3.900000 0.335512
3.900000 0.336924
3.900000 0.337270
3.900000 0.339441
3.900000 0.342324
3.900000 0.345387
3.900000 0.355797
3.900000 0.362995
3.900000 0.369884
3.900000 0.406583
3.900000 0.417636
3.900000 0.425299
3.900000 0.428139
3.900000 0.432919
3.900000 0.436103
3.900000 0.437376
3.900000 0.439206
3.900000 0.442587
3.900000 0.451048
3.900000 0.475290
3.900000 0.487752
3.900000 0.490699
3.900000 0.493770
3.900000 0.499480
3.900000 0.505589
3.900000 0.521193
3.900000 0.545381
3.900000 0.560134
3.900000 0.561420
3.900000 0.574946
3.900000 0.577506
3.900000 0.594303
3.900000 0.601070
3.900000 0.661864
3.900000 0.666769
3.900000 0.704166
3.900000 0.812433
3.900000 0.852391
3.900000 0.866533
3.900000 0.869481
3.900000 0.871285
3.900000 0.871724
3.900000 0.872821
3.900000 0.874461
3.900000 0.878040
3.900000 0.881770
3.900000 0.893901
3.900000 0.901795
3.900000 0.908972
3.900000 0.935161
3.900000 0.940317
3.900000 0.940966
3.900000 0.948543
3.900000 0.951281
3.900000 0.951572
3.900000 0.953094
3.900000 0.953237
3.900000 0.954860
3.900000 0.957450
3.900000 0.959077
3.900000 0.959705
3.900000 0.960288
3.900000 0.960586
3.900000 0.960897
3.900000 0.962145
3.900000 0.965654
3.900000 0.966968
3.900000 0.972619
3.900000 0.973248
3.900000 0.974415
3.900000 0.974663
3.900000 0.974849
3.900000 0.974878
3.900000 0.974999
