0 2.46866e-14
13.3333 1.1932
26.6667 6.94699
40 34.6973
53.3333 472.53
66.6667 665.791
80 101.65
93.3333 50.4071
106.667 36.3111
120 32.5707
133.333 35.1818
146.667 47.3213
160 92.4671
173.333 587.165
186.667 402.946
200 28.6837
213.333 5.56409
226.667 0.925513
240 2.53863e-07
253.333 0.870992
266.667 4.91175
280 23.7784
293.333 314.645
306.667 425.795
320 63.1689
333.333 30.369
346.667 21.2028
360 18.4322
373.333 19.2973
386.667 25.1631
400 47.7063
413.333 295.658
426.667 192.21
440 13.3484
453.333 2.50975
466.667 0.403257
480 6.93119e-06
493.333 0.362541
506.667 1.97587
520 9.28358
533.333 120.679
546.667 151.603
560 22.0981
573.333 10.3232
586.667 6.99315
600 5.89673
613.333 5.98883
626.667 7.58111
640 13.988
653.333 85.9705
666.667 50.4679
680 3.46915
693.333 0.632923
706.667 0.0977248
720 1.90434e-05
733.333 0.0864735
746.667 0.453379
760 2.07178
773.333 27.0038
786.667 29.606
800 4.3215
813.333 1.96918
826.667 1.29655
840 1.0617
853.333 1.04735
866.667 1.28963
880 2.32686
893.333 14.5651
906.667 7.15466
920 0.497216
933.333 0.0881477
946.667 0.0129675
960 1.44776e-05
973.333 0.0118064
986.667 0.0591396
1000 0.263597
1013.33 3.55812
1026.67 3.10924
1040 0.465905
1053.33 0.208101
1066.67 0.13344
1080 0.106244
1093.33 0.101934
1106.67 0.122377
1120 0.217299
1133.33 1.44345
1146.67 0.533319
1160 0.0384136
1173.33 0.00662338
1186.67 0.000916022
1200 4.11297e-06
1213.33 0.000909976
1226.67 0.00431631
1240 0.0188362
1253.33 0.276855
1266.67 0.170391
1280 0.026925
1293.33 0.0118498
1306.67 0.00741214
1320 0.00574208
1333.33 0.00536244
1346.67 0.00629091
1360 0.0110814
1373.33 0.0833409
1386.67 0.0200484
1400 0.00153291
1413.33 0.000256798
1426.67 3.26935e-05
1440 4.82622e-07
1453.33 3.81021e-05
1466.67 0.000169362
1480 0.000727111
1493.33 0.0126365
1506.67 0.00462408
1520 0.000789124
1533.33 0.000343553
1546.67 0.00020964
1560 0.000157854
1573.33 0.000143368
1586.67 0.000164525
1600 0.000290174
1613.33 0.00276153
1626.67 0.000352428
1640 2.90934e-05
1653.33 4.70718e-06
1666.67 5.32645e-07
1680 2.31907e-08
1693.33 7.94188e-07
1706.67 3.26579e-06
1720 1.38648e-05
1733.33 0.000331987
1746.67 5.59129e-05
1760 1.04475e-05
1773.33 4.49439e-06
1786.67 2.66165e-06
1800 1.93531e-06
1813.33 1.6984e-06
1826.67 1.89887e-06
1840 3.38008e-06
1853.33 5.10198e-05
1866.67 2.45236e-06
1880 2.18682e-07
1893.33 3.3558e-08
1906.67 3.17476e-09
1920 3.80073e-10
1933.33 6.57653e-09
1946.67 2.4499e-08
1960 1.02753e-07
1973.33 4.85133e-06
1986.67 2.27735e-07
2000 4.5984e-08
2013.33 1.91076e-08
2026.67 1.06721e-08
2040 7.2523e-09
2053.33 5.93452e-09
2066.67 6.23544e-09
2080 1.09601e-08
2093.33 5.02215e-07
2106.67 3.77923e-09
2120 3.3674e-10
2133.33 4.36415e-11
2146.67 2.58463e-12
2160 1.17014e-12
2173.33 8.68341e-12
2186.67 2.42011e-11
2200 8.32666e-11
2213.33 3.73895e-08
2226.67 4.84149e-11
2240 6.4194e-12
2253.33 1.17696e-12
2266.67 1.25756e-13
2280 1.98384e-14
2293.33 2.71972e-13
2306.67 9.84082e-13
2320 4.30721e-12
2333.33 2.43788e-09
2346.67 2.21282e-12
2360 3.18756e-13
2373.33 5.03919e-14
2386.67 7.10478e-15
2400 3.69311e-14
2413.33 1.39429e-13
2426.67 4.63828e-13
2440 2.57525e-12
2453.33 1.39146e-10
2466.67 1.92213e-12
2480 5.96588e-13
2493.33 3.13973e-13
2506.67 2.15551e-13
2520 1.80641e-13
2533.33 1.86243e-13
2546.67 2.61738e-13
2560 8.00035e-13
2573.33 5.63467e-12
2586.67 1.20182e-13
2600 2.81041e-14
2613.33 1.41315e-14
2626.67 1.11156e-14
2640 1.08979e-14
2653.33 1.21974e-14
2666.67 1.69066e-14
2680 5.58758e-14
2693.33 1.86663e-13
2706.67 2.00608e-14
2720 1.28878e-14
2733.33 1.12239e-14
2746.67 1.063e-14
2760 1.03812e-14
2773.33 1.03e-14
2786.67 1.04227e-14
2800 1.22293e-14
2813.33 1.11067e-14
2826.67 9.59117e-15
2840 9.45279e-15
2853.33 9.3188e-15
2866.67 9.13057e-15
2880 8.83844e-15
2893.33 8.32249e-15
2906.67 7.15513e-15
2920 2.23097e-15
2933.33 1.95051e-14
2946.67 1.3216e-14
2960 1.19867e-14
2973.33 1.14969e-14
2986.67 1.1283e-14
3000 1.12522e-14
3013.33 1.14604e-14
3026.67 1.23398e-14
3040 2.27399e-14
3053.33 6.562e-15
3066.67 8.27013e-15
3080 8.70035e-15
3093.33 8.85281e-15
3106.67 8.89405e-15
3120 8.86651e-15
3133.33 8.76181e-15
3146.67 8.45913e-15
3160 5.80378e-15
3173.33 9.93859e-15
3186.67 9.41577e-15
3200 9.235e-15
3213.33 9.12631e-15
3226.67 9.04296e-15
3240 8.96958e-15
3253.33 8.89696e-15
3266.67 8.80782e-15
3280 1.33853e-14
3293.33 8.83322e-15
3306.67 8.73501e-15
3320 8.65897e-15
3333.33 8.5812e-15
3346.67 8.49034e-15
3360 8.36669e-15
3373.33 8.15339e-15
3386.67 7.56498e-15
3400 1.5724e-14
3413.33 9.58981e-15
3426.67 9.15152e-15
3440 9.01858e-15
3453.33 8.99758e-15
3466.67 9.0735e-15
3480 9.3108e-15
3493.33 1.00021e-14
3506.67 1.39239e-14
3520 3.09833e-15
3533.33 6.02335e-15
3546.67 6.62628e-15
3560 6.81555e-15
3573.33 6.83665e-15
3586.67 6.73259e-15
3600 6.45314e-15
3613.33 5.71715e-15
3626.67 1.92797e-15
3640 1.2332e-14
3653.33 9.31617e-15
3666.67 8.64351e-15
3680 8.35138e-15
3693.33 8.19734e-15
3706.67 8.12257e-15
3720 8.13128e-15
3733.33 8.35819e-15
3746.67 1.61148e-14
3760 6.89437e-15
3773.33 7.20406e-15
3786.67 7.27179e-15
3800 7.28283e-15
3813.33 7.27142e-15
3826.67 7.2462e-15
3840 7.2041e-15
3853.33 7.11589e-15
3866.67 1.16655e-14
3880 7.4919e-15
3893.33 7.38847e-15
3906.67 7.37461e-15
3920 7.40526e-15
3933.33 7.49309e-15
3946.67 7.69626e-15
3960 8.23964e-15
3973.33 1.10905e-14
3986.67 2.62247e-15
4000 5.08653e-15
4013.33 5.59112e-15
4026.67 5.74967e-15
4040 5.76868e-15
4053.33 5.68407e-15
4066.67 5.45388e-15
4080 4.8417e-15
4093.33 1.60824e-15
4106.67 1.00058e-14
4120 7.72281e-15
4133.33 7.18501e-15
4146.67 6.93721e-15
4160 6.78902e-15
4173.33 6.6868e-15
4186.67 6.61115e-15
4200 6.56188e-15
4213.33 1.16397e-14
4226.67 6.35885e-15
4240 6.3184e-15
4253.33 6.25955e-15
4266.67 6.1858e-15
4280 6.08671e-15
4293.33 5.93349e-15
4306.67 5.63303e-15
4320 4.668e-15
4333.33 1.32322e-14
4346.67 7.7129e-15
4360 7.16613e-15
4373.33 6.99327e-15
4386.67 6.95387e-15
4400 7.01748e-15
4413.33 7.24189e-15
4426.67 7.9453e-15
4440 1.41857e-14
4453.33 3.36111e-15
4466.67 4.89718e-15
4480 5.30949e-15
4493.33 5.49124e-15
4506.67 5.58988e-15
4520 5.65108e-15
4533.33 5.69473e-15
4546.67 5.73608e-15
4560 7.65756e-15
4573.33 5.75691e-15
4586.67 5.798e-15
4600 5.84733e-15
4613.33 5.91914e-15
4626.67 6.03726e-15
4640 6.26112e-15
4653.33 6.80954e-15
4666.67 9.66906e-15
4680 1.79589e-15
4693.33 4.00147e-15
4706.67 4.49593e-15
4720 4.69129e-15
4733.33 4.77712e-15
4746.67 4.79932e-15
4760 4.75525e-15
4773.33 4.5542e-15
4786.67 3.15805e-15
4800 5.98238e-15
4813.33 5.52002e-15
4826.67 5.41103e-15
4840 5.38376e-15
4853.33 5.40487e-15
4866.67 5.48946e-15
4880 5.73192e-15
4893.33 6.87811e-15
4906.67 2.77116e-15
4920 4.11953e-15
4933.33 4.40562e-15
4946.67 4.49472e-15
4960 4.50756e-15
4973.33 4.46406e-15
4986.67 4.33918e-15
5000 3.98767e-15
5013.33 1.89848e-15
5026.67 6.55605e-15
5040 5.56765e-15
5053.33 5.32877e-15
5066.67 5.23812e-15
5080 5.21588e-15
5093.33 5.25869e-15
5106.67 5.43528e-15
5120 6.31879e-15
5133.33 3.02789e-15
5146.67 4.0891e-15
5160 4.32479e-15
5173.33 4.39772e-15
5186.67 4.40964e-15
5200 4.37782e-15
5213.33 4.28284e-15
5226.67 4.00614e-15
5240 2.22326e-15
5253.33 5.91987e-15
5266.67 5.24406e-15
5280 5.09054e-15
5293.33 5.05433e-15
5306.67 5.08736e-15
5320 5.21011e-15
5333.33 5.55718e-15
5346.67 7.3091e-15
5360 1.88796e-15
5373.33 3.55996e-15
5386.67 3.93076e-15
5400 4.0824e-15
5413.33 4.16114e-15
5426.67 4.20652e-15
5440 4.23147e-15
5453.33 4.22993e-15
5466.67 4.4896e-15
5480 4.41224e-15
5493.33 4.40731e-15
5506.67 4.43845e-15
5520 4.49684e-15
5533.33 4.60065e-15
5546.67 4.80748e-15
5560 5.35476e-15
5573.33 9.3904e-15
5586.67 1.67929e-15
5600 2.99046e-15
5613.33 3.32292e-15
5626.67 3.45118e-15
5640 3.4931e-15
5653.33 3.47101e-15
5666.67 3.35303e-15
5680 2.90056e-15
5693.33 8.31996e-15
5706.67 4.52799e-15
5720 4.20299e-15
5733.33 4.08227e-15
5746.67 4.017e-15
5760 3.97421e-15
5773.33 3.94325e-15
5786.67 3.92481e-15
5800 6.83743e-15
5813.33 3.82045e-15
5826.67 3.799e-15
5840 3.76347e-15
5853.33 3.71353e-15
5866.67 3.63752e-15
5880 3.50163e-15
5893.33 3.17288e-15
5906.67 1.38422e-15
5920 5.65971e-15
5933.33 4.65838e-15
5946.67 4.43938e-15
5960 4.3787e-15
5973.33 4.40664e-15
5986.67 4.54846e-15
6000 4.99313e-15
6013.33 7.92851e-15
6026.67 1.27258e-15
6040 2.69708e-15
6053.33 3.02212e-15
6066.67 3.13194e-15
6080 3.14824e-15
6093.33 3.08505e-15
6106.67 2.87839e-15
6120 2.07376e-15
6133.33 7.97628e-15
6146.67 4.54609e-15
6160 4.14482e-15
6173.33 4.00548e-15
6186.67 3.95316e-15
6200 3.95957e-15
6213.33 4.05958e-15
6226.67 4.60012e-15
6240 2.41995e-15
6253.33 3.14763e-15
6266.67 3.30863e-15
6280 3.35912e-15
6293.33 3.37108e-15
6306.67 3.35845e-15
6320 3.31308e-15
6333.33 3.16435e-15
6346.67 6.67971e-15
6360 3.76062e-15
6373.33 3.61858e-15
6386.67 3.57123e-15
6400 3.55218e-15
6413.33 3.55252e-15
6426.67 3.58532e-15
6440 3.76368e-15
6453.33 3.29443e-15
6466.67 3.20759e-15
6480 3.26787e-15
6493.33 3.2784e-15
6506.67 3.26879e-15
6520 3.24043e-15
6533.33 3.17634e-15
6546.67 2.97699e-15
6560 6.67585e-15
6573.33 3.74099e-15
6586.67 3.57985e-15
6600 3.53759e-15
6613.33 3.54023e-15
6626.67 3.58926e-15
6640 3.74487e-15
6653.33 4.49982e-15
6666.67 1.65394e-15
6680 2.63427e-15
6693.33 2.81657e-15
6706.67 2.85678e-15
6720 2.8304e-15
6733.33 2.73145e-15
6746.67 2.46974e-15
6760 1.40358e-15
6773.33 6.87094e-15
6786.67 4.25665e-15
6800 3.88281e-15
6813.33 3.76621e-15
6826.67 3.75413e-15
6840 3.84472e-15
6853.33 4.19001e-15
6866.67 7.41029e-15
6880 1.85892e-15
6893.33 2.62471e-15
6906.67 2.82933e-15
6920 2.91771e-15
6933.33 2.96283e-15
6946.67 2.98467e-15
6960 2.98134e-15
6973.33 3.30568e-15
6986.67 3.13701e-15
7000 3.11846e-15
7013.33 3.13144e-15
7026.67 3.16369e-15
7040 3.22981e-15
7053.33 3.39123e-15
7066.67 4.11486e-15
7080 1.41304e-15
7093.33 2.38128e-15
7106.67 2.56436e-15
7120 2.61543e-15
7133.33 2.60781e-15
7146.67 2.53874e-15
7160 2.32158e-15
7173.33 1.06326e-15
7186.67 4.14803e-15
7200 3.40901e-15
7213.33 3.24242e-15
7226.67 3.1833e-15
7240 3.17616e-15
7253.33 3.23427e-15
7266.67 3.56815e-15
7280 2.09686e-15
7293.33 2.61814e-15
7306.67 2.72448e-15
7320 2.75081e-15
7333.33 2.74303e-15
7346.67 2.6981e-15
7360 2.554e-15
7373.33 1.56767e-15
7386.67 3.60529e-15
7400 3.25575e-15
7413.33 3.19453e-15
7426.67 3.21248e-15
7440 3.30744e-15
7453.33 3.58994e-15
7466.67 5.238e-15
7480 9.93274e-16
7493.33 2.08984e-15
7506.67 2.33165e-15
7520 2.42015e-15
7533.33 2.4448e-15
7546.67 2.41197e-15
7560 2.22311e-15
7573.33 5.22468e-15
7586.67 2.99252e-15
7600 2.84147e-15
7613.33 2.79029e-15
7626.67 2.76638e-15
7640 2.75585e-15
7653.33 2.76489e-15
7666.67 3.33266e-15
7680 2.6901e-15
7693.33 2.69333e-15
7706.67 2.69162e-15
7720 2.6888e-15
7733.33 2.68585e-15
7746.67 2.68421e-15
7760 3.49604e-15
7773.33 2.67024e-15
7786.67 2.66816e-15
7800 2.66548e-15
7813.33 2.66344e-15
7826.67 2.66364e-15
7840 2.67604e-15
7853.33 3.22754e-15
7866.67 2.61147e-15
7880 2.60833e-15
7893.33 2.5949e-15
7906.67 2.56731e-15
7920 2.50413e-15
7933.33 2.28309e-15
7946.67 5.1725e-15
7960 3.11307e-15
7973.33 2.98923e-15
7986.67 2.99164e-15
8000 3.07556e-15
8013.33 3.33732e-15
8026.67 4.95494e-15
8040 1.09196e-15
8053.33 2.02736e-15
8066.67 2.2472e-15
8080 2.34063e-15
8093.33 2.38573e-15
8106.67 2.38925e-15
8120 2.24317e-15
8133.33 2.65884e-15
8146.67 2.63714e-15
8160 2.67562e-15
8173.33 2.76369e-15
8186.67 2.98063e-15
8200 4.09327e-15
8213.33 9.57313e-16
8226.67 1.89434e-15
8240 2.0985e-15
8253.33 2.18366e-15
8266.67 2.22562e-15
8280 2.23772e-15
8293.33 3.46247e-15
8306.67 2.35589e-15
8320 2.34705e-15
8333.33 2.3534e-15
8346.67 2.36961e-15
8360 2.41868e-15
8373.33 4.00133e-15
8386.67 2.19198e-15
8400 2.23967e-15
8413.33 2.24291e-15
8426.67 2.22279e-15
8440 2.1522e-15
8453.33 1.607e-15
8466.67 2.59352e-15
8480 2.44386e-15
8493.33 2.40303e-15
8506.67 2.38662e-15
8520 2.38894e-15
8533.33 3.6125e-15
8546.67 2.2951e-15
8560 2.29775e-15
8573.33 2.28128e-15
8586.67 2.23953e-15
8600 2.09273e-15
8613.33 4.08419e-15
8626.67 2.64467e-15
8640 2.5717e-15
8653.33 2.60148e-15
8666.67 2.76806e-15
8680 4.31152e-15
8693.33 1.50956e-15
8706.67 1.91962e-15
8720 1.99756e-15
8733.33 1.97384e-15
8746.67 1.74568e-15
8760 3.96017e-15
8773.33 2.55499e-15
8786.67 2.4249e-15
8800 2.38518e-15
8813.33 2.38866e-15
8826.67 2.30745e-15
8840 2.28078e-15
8853.33 2.28985e-15
8866.67 2.28805e-15
8880 2.27055e-15
8893.33 3.23136e-15
8906.67 2.39758e-15
8920 2.41037e-15
8933.33 2.48911e-15
8946.67 2.86679e-15
8960 1.23627e-15
8973.33 1.91579e-15
8986.67 2.00006e-15
9000 1.95724e-15
9013.33 1.30308e-15
9026.67 2.70806e-15
9040 2.50707e-15
9053.33 2.56089e-15
9066.67 3.08533e-15
9080 1.23381e-15
9093.33 1.8564e-15
9106.67 1.92667e-15
9120 1.77041e-15
9133.33 3.41974e-15
9146.67 2.52133e-15
9160 2.53712e-15
9173.33 3.06048e-15
9186.67 1.31506e-15
9200 1.87908e-15
9213.33 1.95531e-15
9226.67 1.57959e-15
9240 2.34209e-15
9253.33 2.3637e-15
9266.67 2.87477e-15
9280 1.3473e-15
9293.33 1.73965e-15
9306.67 1.55326e-15
9320 2.96262e-15
9333.33 2.46286e-15
9346.67 2.9857e-15
9360 1.70078e-15
9373.33 1.93637e-15
9386.67 2.36004e-15
9400 2.09325e-15
9413.33 2.40577e-15
9426.67 2.06704e-15
9440 2.13223e-15
9453.33 2.27885e-15
9466.67 1.66507e-15
9480 2.05733e-15
9493.33 1.79371e-15
9506.67 2.08158e-15
9520 2.0411e-15
9533.33 2.03453e-15
9546.67 2.03253e-15
9560 2.03154e-15
9573.33 2.03069e-15
9586.67 2.02983e-15
9600 2.02877e-15
9613.33 2.02762e-15
9626.67 2.02637e-15
9640 2.02504e-15
9653.33 2.02355e-15
9666.67 2.022e-15
9680 2.02043e-15
9693.33 2.01875e-15
9706.67 2.01698e-15
9720 2.01522e-15
9733.33 2.01337e-15
9746.67 2.01155e-15
9760 2.00969e-15
9773.33 2.00774e-15
9786.67 2.0058e-15
9800 2.00388e-15
9813.33 2.00189e-15
9826.67 1.99998e-15
9840 1.99794e-15
9853.33 1.99591e-15
9866.67 1.99389e-15
9880 1.99189e-15
9893.33 1.98984e-15
9906.67 1.98779e-15
9920 1.98575e-15
9933.33 1.98371e-15
9946.67 1.98166e-15
9960 1.97961e-15
9973.33 1.97757e-15
9986.67 1.97551e-15
10000 1.97345e-15
10013.3 1.97142e-15
10026.7 1.96937e-15
10040 1.96735e-15
10053.3 1.96532e-15
10066.7 1.96326e-15
10080 1.96125e-15
10093.3 1.95921e-15
10106.7 1.9572e-15
10120 1.95513e-15
10133.3 1.95321e-15
10146.7 1.95116e-15
10160 1.94918e-15
10173.3 1.94714e-15
10186.7 1.94516e-15
10200 1.94319e-15
10213.3 1.94124e-15
10226.7 1.93925e-15
10240 1.9373e-15
10253.3 1.93534e-15
10266.7 1.9334e-15
10280 1.93153e-15
10293.3 1.92956e-15
10306.7 1.9276e-15
10320 1.92569e-15
10333.3 1.9238e-15
10346.7 1.9219e-15
10360 1.91999e-15
10373.3 1.91816e-15
10386.7 1.91627e-15
10400 1.91436e-15
10413.3 1.9125e-15
10426.7 1.9107e-15
10440 1.90883e-15
10453.3 1.90703e-15
10466.7 1.90519e-15
10480 1.90341e-15
10493.3 1.90157e-15
10506.7 1.89979e-15
10520 1.89801e-15
10533.3 1.89625e-15
10546.7 1.89449e-15
10560 1.8927e-15
10573.3 1.89097e-15
10586.7 1.88924e-15
10600 1.88749e-15
10613.3 1.88579e-15
10626.7 1.88406e-15
10640 1.88235e-15
10653.3 1.88063e-15
10666.7 1.87901e-15
10680 1.87731e-15
10693.3 1.87562e-15
10706.7 1.87393e-15
10720 1.87228e-15
10733.3 1.87068e-15
10746.7 1.86905e-15
10760 1.86743e-15
10773.3 1.86582e-15
10786.7 1.86419e-15
10800 1.86258e-15
10813.3 1.86097e-15
10826.7 1.8594e-15
10840 1.85792e-15
10853.3 1.85634e-15
10866.7 1.8548e-15
10880 1.85324e-15
10893.3 1.8517e-15
10906.7 1.85024e-15
10920 1.84871e-15
10933.3 1.84721e-15
10946.7 1.84569e-15
10960 1.84419e-15
10973.3 1.8427e-15
10986.7 1.84128e-15
11000 1.83985e-15
11013.3 1.83845e-15
11026.7 1.83694e-15
11040 1.83553e-15
11053.3 1.83414e-15
11066.7 1.83268e-15
11080 1.83133e-15
11093.3 1.82987e-15
11106.7 1.82856e-15
11120 1.82711e-15
11133.3 1.82579e-15
11146.7 1.82441e-15
11160 1.82311e-15
11173.3 1.82176e-15
11186.7 1.82046e-15
11200 1.81915e-15
11213.3 1.81781e-15
11226.7 1.81653e-15
11240 1.81521e-15
11253.3 1.81392e-15
11266.7 1.81268e-15
11280 1.81143e-15
11293.3 1.81015e-15
11306.7 1.80887e-15
11320 1.80765e-15
11333.3 1.80649e-15
11346.7 1.80519e-15
11360 1.80402e-15
11373.3 1.8028e-15
11386.7 1.80159e-15
11400 1.80041e-15
11413.3 1.79936e-15
11426.7 1.79812e-15
11440 1.79695e-15
11453.3 1.79583e-15
11466.7 1.79466e-15
11480 1.79352e-15
11493.3 1.79246e-15
11506.7 1.7913e-15
11520 1.79018e-15
11533.3 1.78908e-15
11546.7 1.78803e-15
11560 1.78693e-15
11573.3 1.78593e-15
11586.7 1.7848e-15
11600 1.78375e-15
11613.3 1.78271e-15
11626.7 1.7817e-15
11640 1.78068e-15
11653.3 1.77965e-15
11666.7 1.77867e-15
11680 1.77762e-15
11693.3 1.77666e-15
11706.7 1.77565e-15
11720 1.77465e-15
11733.3 1.77374e-15
11746.7 1.77276e-15
11760 1.77182e-15
11773.3 1.77088e-15
11786.7 1.76995e-15
11800 1.76901e-15
11813.3 1.76812e-15
11826.7 1.7672e-15
11840 1.76632e-15
11853.3 1.76542e-15
11866.7 1.76459e-15
11880 1.76363e-15
11893.3 1.76283e-15
11906.7 1.76195e-15
11920 1.76111e-15
11933.3 1.76028e-15
11946.7 1.75945e-15
11960 1.75861e-15
11973.3 1.7578e-15
11986.7 1.757e-15
12000 1.75619e-15
12013.3 1.75542e-15
12026.7 1.75463e-15
12040 1.75387e-15
12053.3 1.75312e-15
12066.7 1.75223e-15
12080 1.75164e-15
12093.3 1.75087e-15
12106.7 1.75015e-15
12120 1.74942e-15
12133.3 1.74869e-15
12146.7 1.74798e-15
12160 1.7473e-15
12173.3 1.7466e-15
12186.7 1.74589e-15
12200 1.74526e-15
12213.3 1.74462e-15
12226.7 1.74391e-15
12240 1.74327e-15
12253.3 1.74267e-15
12266.7 1.742e-15
12280 1.74139e-15
12293.3 1.74077e-15
12306.7 1.74023e-15
12320 1.73954e-15
12333.3 1.73896e-15
12346.7 1.73838e-15
12360 1.73786e-15
12373.3 1.73721e-15
12386.7 1.73669e-15
12400 1.7361e-15
12413.3 1.73558e-15
12426.7 1.73505e-15
12440 1.73453e-15
12453.3 1.73402e-15
12466.7 1.73351e-15
12480 1.73299e-15
12493.3 1.73247e-15
12506.7 1.732e-15
12520 1.73154e-15
12533.3 1.73105e-15
12546.7 1.73059e-15
12560 1.73013e-15
12573.3 1.72968e-15
12586.7 1.72923e-15
12600 1.72882e-15
12613.3 1.72828e-15
12626.7 1.72796e-15
12640 1.72755e-15
12653.3 1.72714e-15
12666.7 1.72676e-15
12680 1.72639e-15
12693.3 1.72598e-15
12706.7 1.72565e-15
12720 1.72531e-15
12733.3 1.72495e-15
12746.7 1.72454e-15
12760 1.72421e-15
12773.3 1.7239e-15
12786.7 1.72359e-15
12800 1.72329e-15
12813.3 1.72296e-15
12826.7 1.72263e-15
12840 1.72235e-15
12853.3 1.72208e-15
12866.7 1.72182e-15
12880 1.72155e-15
12893.3 1.72128e-15
12906.7 1.72104e-15
12920 1.72078e-15
12933.3 1.72056e-15
12946.7 1.72033e-15
12960 1.7201e-15
12973.3 1.71989e-15
12986.7 1.71969e-15
13000 1.7196e-15
13013.3 1.71924e-15
13026.7 1.71916e-15
13040 1.71892e-15
13053.3 1.71878e-15
13066.7 1.71862e-15
13080 1.71847e-15
13093.3 1.71833e-15
13106.7 1.7182e-15
13120 1.71801e-15
13133.3 1.71796e-15
13146.7 1.71783e-15
13160 1.71771e-15
13173.3 1.71762e-15
13186.7 1.71754e-15
13200 1.71746e-15
13213.3 1.7174e-15
13226.7 1.71732e-15
13240 1.71726e-15
13253.3 1.7172e-15
13266.7 1.71716e-15
13280 1.71715e-15
13293.3 1.71711e-15
13306.7 1.7172e-15
13320 1.71704e-15
13333.3 1.71707e-15
13346.7 1.71707e-15
13360 1.71706e-15
13373.3 1.7171e-15
13386.7 1.71713e-15
13400 1.71714e-15
13413.3 1.71721e-15
13426.7 1.71725e-15
13440 1.71733e-15
13453.3 1.7174e-15
13466.7 1.71747e-15
13480 1.71753e-15
13493.3 1.71762e-15
13506.7 1.71772e-15
13520 1.71783e-15
13533.3 1.71794e-15
13546.7 1.71806e-15
13560 1.71819e-15
13573.3 1.71832e-15
13586.7 1.71845e-15
13600 1.71861e-15
13613.3 1.7188e-15
13626.7 1.71893e-15
13640 1.71913e-15
13653.3 1.7193e-15
13666.7 1.71949e-15
13680 1.71966e-15
13693.3 1.71991e-15
13706.7 1.72002e-15
13720 1.72032e-15
13733.3 1.72056e-15
13746.7 1.72078e-15
13760 1.72104e-15
13773.3 1.72131e-15
13786.7 1.72152e-15
13800 1.72182e-15
13813.3 1.7221e-15
13826.7 1.72236e-15
13840 1.72273e-15
13853.3 1.72296e-15
13866.7 1.72327e-15
13880 1.72357e-15
13893.3 1.7239e-15
13906.7 1.72425e-15
13920 1.72465e-15
13933.3 1.72494e-15
13946.7 1.72533e-15
13960 1.72566e-15
13973.3 1.72598e-15
13986.7 1.72643e-15
14000 1.72675e-15
14013.3 1.72716e-15
14026.7 1.72755e-15
14040 1.72795e-15
14053.3 1.7283e-15
14066.7 1.7288e-15
14080 1.72924e-15
14093.3 1.72966e-15
14106.7 1.73011e-15
14120 1.7306e-15
14133.3 1.73106e-15
14146.7 1.73156e-15
14160 1.73199e-15
14173.3 1.73248e-15
14186.7 1.73298e-15
14200 1.73348e-15
14213.3 1.734e-15
14226.7 1.73453e-15
14240 1.73507e-15
14253.3 1.73552e-15
14266.7 1.73614e-15
14280 1.73669e-15
14293.3 1.73722e-15
14306.7 1.73781e-15
14320 1.73838e-15
14333.3 1.73897e-15
14346.7 1.73958e-15
14360 1.74016e-15
14373.3 1.74076e-15
14386.7 1.74134e-15
14400 1.74199e-15
14413.3 1.74255e-15
14426.7 1.74327e-15
14440 1.74393e-15
14453.3 1.7446e-15
14466.7 1.74526e-15
14480 1.74596e-15
14493.3 1.74658e-15
14506.7 1.74731e-15
14520 1.74798e-15
14533.3 1.74875e-15
14546.7 1.74941e-15
14560 1.75012e-15
14573.3 1.75089e-15
14586.7 1.75159e-15
14600 1.75237e-15
14613.3 1.75309e-15
14626.7 1.75386e-15
14640 1.75462e-15
14653.3 1.7554e-15
14666.7 1.75615e-15
14680 1.757e-15
14693.3 1.75782e-15
14706.7 1.75856e-15
14720 1.75941e-15
14733.3 1.76027e-15
14746.7 1.76111e-15
14760 1.7621e-15
14773.3 1.76281e-15
14786.7 1.76369e-15
14800 1.76455e-15
14813.3 1.76543e-15
14826.7 1.7663e-15
14840 1.76722e-15
14853.3 1.76814e-15
14866.7 1.76903e-15
14880 1.76995e-15
14893.3 1.77087e-15
14906.7 1.77184e-15
14920 1.77274e-15
14933.3 1.77373e-15
14946.7 1.77469e-15
14960 1.77568e-15
14973.3 1.7767e-15
14986.7 1.77763e-15
15000 1.77866e-15
15013.3 1.77964e-15
15026.7 1.78067e-15
15040 1.7817e-15
15053.3 1.78271e-15
15066.7 1.78375e-15
15080 1.78485e-15
15093.3 1.78593e-15
15106.7 1.78694e-15
15120 1.78801e-15
15133.3 1.78912e-15
15146.7 1.7902e-15
15160 1.7913e-15
15173.3 1.79247e-15
15186.7 1.79354e-15
15200 1.79466e-15
15213.3 1.7958e-15
15226.7 1.79694e-15
15240 1.79812e-15
15253.3 1.79926e-15
15266.7 1.80046e-15
15280 1.80163e-15
15293.3 1.8028e-15
15306.7 1.80399e-15
15320 1.80524e-15
15333.3 1.80641e-15
15346.7 1.80761e-15
15360 1.80891e-15
15373.3 1.81017e-15
15386.7 1.81138e-15
15400 1.81268e-15
15413.3 1.81392e-15
15426.7 1.81526e-15
15440 1.81651e-15
15453.3 1.81781e-15
15466.7 1.81911e-15
15480 1.82044e-15
15493.3 1.82176e-15
15506.7 1.82306e-15
15520 1.82441e-15
15533.3 1.82578e-15
15546.7 1.82715e-15
15560 1.8285e-15
15573.3 1.82992e-15
15586.7 1.83137e-15
15600 1.83269e-15
15613.3 1.8341e-15
15626.7 1.83556e-15
15640 1.83694e-15
15653.3 1.83829e-15
15666.7 1.83987e-15
15680 1.84129e-15
15693.3 1.84263e-15
15706.7 1.84423e-15
15720 1.84574e-15
15733.3 1.84719e-15
15746.7 1.8487e-15
15760 1.8502e-15
15773.3 1.85169e-15
15786.7 1.85323e-15
15800 1.85475e-15
15813.3 1.85633e-15
15826.7 1.85792e-15
15840 1.85945e-15
15853.3 1.86104e-15
15866.7 1.8626e-15
15880 1.86422e-15
15893.3 1.86582e-15
15906.7 1.86748e-15
15920 1.86917e-15
15933.3 1.87066e-15
15946.7 1.87239e-15
15960 1.87395e-15
15973.3 1.87557e-15
15986.7 1.8773e-15
16000 1.879e-15
16013.3 1.88063e-15
16026.7 1.88234e-15
16040 1.88404e-15
16053.3 1.88576e-15
16066.7 1.88745e-15
16080 1.88923e-15
16093.3 1.89096e-15
16106.7 1.8926e-15
16120 1.89439e-15
16133.3 1.89624e-15
16146.7 1.89801e-15
16160 1.8998e-15
16173.3 1.90165e-15
16186.7 1.90339e-15
16200 1.90519e-15
16213.3 1.90696e-15
16226.7 1.90885e-15
16240 1.91068e-15
16253.3 1.91255e-15
16266.7 1.91435e-15
16280 1.91623e-15
16293.3 1.91817e-15
16306.7 1.92003e-15
16320 1.92192e-15
16333.3 1.92378e-15
16346.7 1.92569e-15
16360 1.92756e-15
16373.3 1.92953e-15
16386.7 1.93146e-15
16400 1.93339e-15
16413.3 1.93537e-15
16426.7 1.9373e-15
16440 1.93927e-15
16453.3 1.94122e-15
16466.7 1.94321e-15
16480 1.94525e-15
16493.3 1.94718e-15
16506.7 1.94914e-15
16520 1.95117e-15
16533.3 1.95318e-15
16546.7 1.95519e-15
16560 1.9572e-15
16573.3 1.95918e-15
16586.7 1.96124e-15
16600 1.96326e-15
16613.3 1.96534e-15
16626.7 1.96735e-15
16640 1.96946e-15
16653.3 1.97143e-15
16666.7 1.97345e-15
16680 1.97552e-15
16693.3 1.97758e-15
16706.7 1.97961e-15
16720 1.98159e-15
16733.3 1.98368e-15
16746.7 1.98576e-15
16760 1.98777e-15
16773.3 1.98981e-15
16786.7 1.99185e-15
16800 1.99393e-15
16813.3 1.99594e-15
16826.7 1.99793e-15
16840 1.99992e-15
16853.3 2.00189e-15
16866.7 2.00384e-15
16880 2.00583e-15
16893.3 2.00775e-15
16906.7 2.00969e-15
16920 2.01152e-15
16933.3 2.01342e-15
16946.7 2.01525e-15
16960 2.01698e-15
16973.3 2.01876e-15
16986.7 2.02038e-15
17000 2.02198e-15
17013.3 2.02358e-15
17026.7 2.02518e-15
17040 2.02636e-15
17053.3 2.02763e-15
17066.7 2.02882e-15
17080 2.02985e-15
17093.3 2.03072e-15
17106.7 2.03154e-15
17120 2.03256e-15
17133.3 2.0345e-15
17146.7 2.04105e-15
17160 2.08155e-15
17173.3 1.79374e-15
17186.7 2.05732e-15
17200 1.66503e-15
17213.3 2.27886e-15
17226.7 2.13224e-15
17240 2.06705e-15
17253.3 2.4058e-15
17266.7 2.09325e-15
17280 2.36025e-15
17293.3 1.93639e-15
17306.7 1.70077e-15
17320 2.98572e-15
17333.3 2.46285e-15
17346.7 2.96264e-15
17360 1.55328e-15
17373.3 1.73965e-15
17386.7 1.34723e-15
17400 2.87477e-15
17413.3 2.36377e-15
17426.7 2.3421e-15
17440 1.5796e-15
17453.3 1.95533e-15
17466.7 1.87907e-15
17480 1.31506e-15
17493.3 3.06047e-15
17506.7 2.53711e-15
17520 2.52133e-15
17533.3 3.41976e-15
17546.7 1.7704e-15
17560 1.92674e-15
17573.3 1.85639e-15
17586.7 1.2338e-15
17600 3.08534e-15
17613.3 2.56089e-15
17626.7 2.50708e-15
17640 2.70805e-15
17653.3 1.30309e-15
17666.7 1.95724e-15
17680 2.00005e-15
17693.3 1.91582e-15
17706.7 1.23628e-15
17720 2.86677e-15
17733.3 2.48909e-15
17746.7 2.4104e-15
17760 2.39773e-15
17773.3 3.23138e-15
17786.7 2.2705e-15
17800 2.28808e-15
17813.3 2.28986e-15
17826.7 2.28095e-15
17840 2.30749e-15
17853.3 2.38866e-15
17866.7 2.38519e-15
17880 2.42493e-15
17893.3 2.55499e-15
17906.7 3.96016e-15
17920 1.74573e-15
17933.3 1.97385e-15
17946.7 1.99752e-15
17960 1.9196e-15
17973.3 1.50958e-15
17986.7 4.31152e-15
18000 2.76803e-15
18013.3 2.60151e-15
18026.7 2.57168e-15
18040 2.64468e-15
18053.3 4.08423e-15
18066.7 2.09272e-15
18080 2.23953e-15
18093.3 2.28124e-15
18106.7 2.29784e-15
18120 2.29529e-15
18133.3 3.61245e-15
18146.7 2.38897e-15
18160 2.38661e-15
18173.3 2.40306e-15
18186.7 2.44386e-15
18200 2.59349e-15
18213.3 1.607e-15
18226.7 2.1522e-15
18240 2.22277e-15
18253.3 2.24287e-15
18266.7 2.23971e-15
18280 2.19205e-15
18293.3 4.00127e-15
18306.7 2.41873e-15
18320 2.36947e-15
18333.3 2.35344e-15
18346.7 2.34706e-15
18360 2.35595e-15
18373.3 3.46252e-15
18386.7 2.23772e-15
18400 2.22571e-15
18413.3 2.18377e-15
18426.7 2.09849e-15
18440 1.89432e-15
18453.3 9.57318e-16
18466.7 4.0933e-15
18480 2.98063e-15
18493.3 2.76367e-15
18506.7 2.6756e-15
18520 2.63717e-15
18533.3 2.65885e-15
18546.7 2.24316e-15
18560 2.38927e-15
18573.3 2.38573e-15
18586.7 2.34068e-15
18600 2.24721e-15
18613.3 2.02743e-15
18626.7 1.09187e-15
18640 4.9549e-15
18653.3 3.33743e-15
18666.7 3.07544e-15
18680 2.99161e-15
18693.3 2.98925e-15
18706.7 3.11307e-15
18720 5.17259e-15
18733.3 2.28307e-15
18746.7 2.50417e-15
18760 2.5673e-15
18773.3 2.59484e-15
18786.7 2.60832e-15
18800 2.61147e-15
18813.3 3.22754e-15
18826.7 2.67605e-15
18840 2.66361e-15
18853.3 2.66342e-15
18866.7 2.66558e-15
18880 2.66807e-15
18893.3 2.67028e-15
18906.7 3.49609e-15
18920 2.68423e-15
18933.3 2.68592e-15
18946.7 2.68879e-15
18960 2.69171e-15
18973.3 2.69334e-15
18986.7 2.69017e-15
19000 3.33269e-15
19013.3 2.76496e-15
19026.7 2.75575e-15
19040 2.76639e-15
19053.3 2.79028e-15
19066.7 2.84144e-15
19080 2.99257e-15
19093.3 5.22468e-15
19106.7 2.22309e-15
19120 2.41201e-15
19133.3 2.4449e-15
19146.7 2.42013e-15
19160 2.33161e-15
19173.3 2.08982e-15
19186.7 9.93245e-16
19200 5.23799e-15
19213.3 3.58997e-15
19226.7 3.30736e-15
19240 3.21249e-15
19253.3 3.1945e-15
19266.7 3.25569e-15
19280 3.60519e-15
19293.3 1.56761e-15
19306.7 2.55398e-15
19320 2.69815e-15
19333.3 2.74302e-15
19346.7 2.7508e-15
19360 2.72447e-15
19373.3 2.61812e-15
19386.7 2.09693e-15
19400 3.56812e-15
19413.3 3.23432e-15
19426.7 3.17634e-15
19440 3.18334e-15
19453.3 3.24246e-15
19466.7 3.40905e-15
19480 4.14803e-15
19493.3 1.06326e-15
19506.7 2.32151e-15
19520 2.53881e-15
19533.3 2.60782e-15
19546.7 2.61548e-15
19560 2.56443e-15
19573.3 2.3813e-15
19586.7 1.41306e-15
19600 4.11487e-15
19613.3 3.39124e-15
19626.7 3.22973e-15
19640 3.16372e-15
19653.3 3.13142e-15
19666.7 3.11843e-15
19680 3.13693e-15
19693.3 3.30558e-15
19706.7 2.98135e-15
19720 2.98469e-15
19733.3 2.96283e-15
19746.7 2.91775e-15
19760 2.82923e-15
19773.3 2.62476e-15
19786.7 1.85891e-15
19800 7.41029e-15
19813.3 4.18993e-15
19826.7 3.84454e-15
19840 3.75413e-15
19853.3 3.76616e-15
19866.7 3.88284e-15
19880 4.25669e-15
19893.3 6.87105e-15
19906.7 1.4036e-15
19920 2.46971e-15
19933.3 2.73154e-15
19946.7 2.83036e-15
19960 2.85674e-15
19973.3 2.81662e-15
19986.7 2.63436e-15
20000 1.65388e-15
20013.3 4.4998e-15
20026.7 3.74489e-15
20040 3.58929e-15
20053.3 3.54023e-15
20066.7 3.53763e-15
20080 3.57982e-15
20093.3 3.74099e-15
20106.7 6.67585e-15
20120 2.97706e-15
20133.3 3.17634e-15
20146.7 3.2404e-15
20160 3.2688e-15
20173.3 3.27848e-15
20186.7 3.26791e-15
20200 3.20762e-15
20213.3 3.29446e-15
20226.7 3.76366e-15
20240 3.58535e-15
20253.3 3.55237e-15
20266.7 3.55204e-15
20280 3.57118e-15
20293.3 3.61855e-15
20306.7 3.76056e-15
20320 6.67958e-15
20333.3 3.16427e-15
20346.7 3.3131e-15
20360 3.35855e-15
20373.3 3.37112e-15
20386.7 3.35917e-15
20400 3.30866e-15
20413.3 3.14757e-15
20426.7 2.41996e-15
20440 4.60009e-15
20453.3 4.05969e-15
20466.7 3.95957e-15
20480 3.95298e-15
20493.3 4.00549e-15
20506.7 4.14481e-15
20520 4.54601e-15
20533.3 7.97629e-15
20546.7 2.07369e-15
20560 2.87845e-15
20573.3 3.08511e-15
20586.7 3.14821e-15
20600 3.13184e-15
20613.3 3.02216e-15
20626.7 2.69705e-15
20640 1.27254e-15
20653.3 7.92848e-15
20666.7 4.99315e-15
20680 4.54838e-15
20693.3 4.4067e-15
20706.7 4.37866e-15
20720 4.43932e-15
20733.3 4.65835e-15
20746.7 5.65969e-15
20760 1.38424e-15
20773.3 3.17282e-15
20786.7 3.50165e-15
20800 3.63745e-15
20813.3 3.71363e-15
20826.7 3.76346e-15
20840 3.799e-15
20853.3 3.82052e-15
20866.7 6.83746e-15
20880 3.92479e-15
20893.3 3.94337e-15
20906.7 3.97416e-15
20920 4.01701e-15
20933.3 4.08234e-15
20946.7 4.203e-15
20960 4.52808e-15
20973.3 8.31989e-15
20986.7 2.90056e-15
21000 3.35312e-15
21013.3 3.471e-15
21026.7 3.49315e-15
21040 3.45128e-15
21053.3 3.32293e-15
21066.7 2.99042e-15
21080 1.67928e-15
21093.3 9.39055e-15
21106.7 5.35462e-15
21120 4.80748e-15
21133.3 4.60067e-15
21146.7 4.49691e-15
21160 4.43835e-15
21173.3 4.4073e-15
21186.7 4.41224e-15
21200 4.4896e-15
21213.3 4.23001e-15
21226.7 4.23157e-15
21240 4.20642e-15
21253.3 4.16114e-15
21266.7 4.08242e-15
21280 3.9307e-15
21293.3 3.56009e-15
21306.7 1.888e-15
21320 7.30929e-15
21333.3 5.55685e-15
21346.7 5.21026e-15
21360 5.0873e-15
21373.3 5.05433e-15
21386.7 5.09059e-15
21400 5.24405e-15
21413.3 5.91988e-15
21426.7 2.22325e-15
21440 4.00615e-15
21453.3 4.28278e-15
21466.7 4.37789e-15
21480 4.40969e-15
21493.3 4.39772e-15
21506.7 4.32495e-15
21520 4.08903e-15
21533.3 3.0279e-15
21546.7 6.31884e-15
21560 5.4353e-15
21573.3 5.25869e-15
21586.7 5.21583e-15
21600 5.23806e-15
21613.3 5.32884e-15
21626.7 5.56744e-15
21640 6.55646e-15
21653.3 1.89854e-15
21666.7 3.98762e-15
21680 4.33917e-15
21693.3 4.46392e-15
21706.7 4.50755e-15
21720 4.49471e-15
21733.3 4.40558e-15
21746.7 4.11954e-15
21760 2.77118e-15
21773.3 6.87807e-15
21786.7 5.73198e-15
21800 5.48945e-15
21813.3 5.40486e-15
21826.7 5.38353e-15
21840 5.41089e-15
21853.3 5.52013e-15
21866.7 5.9824e-15
21880 3.15809e-15
21893.3 4.5542e-15
21906.7 4.75521e-15
21920 4.79926e-15
21933.3 4.77733e-15
21946.7 4.69125e-15
21960 4.49591e-15
21973.3 4.00154e-15
21986.7 1.79593e-15
22000 9.66906e-15
22013.3 6.80956e-15
22026.7 6.26106e-15
22040 6.03715e-15
22053.3 5.91908e-15
22066.7 5.84719e-15
22080 5.79807e-15
22093.3 5.7567e-15
22106.7 7.6574e-15
22120 5.73606e-15
22133.3 5.6948e-15
22146.7 5.65105e-15
22160 5.58984e-15
22173.3 5.49105e-15
22186.7 5.30953e-15
22200 4.89746e-15
22213.3 3.36103e-15
22226.7 1.41858e-14
22240 7.945e-15
22253.3 7.24189e-15
22266.7 7.01757e-15
22280 6.95384e-15
22293.3 6.99324e-15
22306.7 7.16652e-15
22320 7.71292e-15
22333.3 1.32323e-14
22346.7 4.66794e-15
22360 5.63291e-15
22373.3 5.93342e-15
22386.7 6.08671e-15
22400 6.18575e-15
22413.3 6.25958e-15
22426.7 6.31838e-15
22440 6.35885e-15
22453.3 1.16397e-14
22466.7 6.56185e-15
22480 6.61118e-15
22493.3 6.68672e-15
22506.7 6.78897e-15
22520 6.93717e-15
22533.3 7.18484e-15
22546.7 7.72296e-15
22560 1.00058e-14
22573.3 1.60825e-15
22586.7 4.84163e-15
22600 5.45386e-15
22613.3 5.68411e-15
22626.7 5.76873e-15
22640 5.74966e-15
22653.3 5.59135e-15
22666.7 5.08673e-15
22680 2.62252e-15
22693.3 1.10903e-14
22706.7 8.23943e-15
22720 7.69622e-15
22733.3 7.49309e-15
22746.7 7.40525e-15
22760 7.37445e-15
22773.3 7.3885e-15
22786.7 7.49196e-15
22800 1.16655e-14
22813.3 7.11585e-15
22826.7 7.20377e-15
22840 7.24607e-15
22853.3 7.27115e-15
22866.7 7.28279e-15
22880 7.27184e-15
22893.3 7.20417e-15
22906.7 6.89429e-15
22920 1.61149e-14
22933.3 8.35802e-15
22946.7 8.13132e-15
22960 8.12271e-15
22973.3 8.19746e-15
22986.7 8.35141e-15
23000 8.64347e-15
23013.3 9.31608e-15
23026.7 1.23321e-14
23040 1.92798e-15
23053.3 5.71724e-15
23066.7 6.45303e-15
23080 6.73258e-15
23093.3 6.83674e-15
23106.7 6.81565e-15
23120 6.62615e-15
23133.3 6.02348e-15
23146.7 3.09826e-15
23160 1.39239e-14
23173.3 1.00022e-14
23186.7 9.31085e-15
23200 9.07352e-15
23213.3 8.99752e-15
23226.7 9.01854e-15
23240 9.15141e-15
23253.3 9.5898e-15
23266.7 1.57238e-14
23280 7.56517e-15
23293.3 8.15335e-15
23306.7 8.36663e-15
23320 8.49029e-15
23333.3 8.58124e-15
23346.7 8.659e-15
23360 8.73499e-15
23373.3 8.83325e-15
23386.7 1.33854e-14
23400 8.80772e-15
23413.3 8.89702e-15
23426.7 8.96968e-15
23440 9.04299e-15
23453.3 9.12626e-15
23466.7 9.23531e-15
23480 9.41571e-15
23493.3 9.939e-15
23506.7 5.80367e-15
23520 8.45922e-15
23533.3 8.76195e-15
23546.7 8.86631e-15
23560 8.89403e-15
23573.3 8.85292e-15
23586.7 8.70039e-15
23600 8.2701e-15
23613.3 6.56211e-15
23626.7 2.27399e-14
23640 1.23397e-14
23653.3 1.14603e-14
23666.7 1.12522e-14
23680 1.12832e-14
23693.3 1.14967e-14
23706.7 1.19867e-14
23720 1.32159e-14
23733.3 1.95052e-14
23746.7 2.23103e-15
23760 7.15508e-15
23773.3 8.32243e-15
23786.7 8.83833e-15
23800 9.13042e-15
23813.3 9.31886e-15
23826.7 9.45293e-15
23840 9.59121e-15
23853.3 1.11067e-14
23866.7 1.22291e-14
23880 1.04229e-14
23893.3 1.02999e-14
23906.7 1.03812e-14
23920 1.06299e-14
23933.3 1.12238e-14
23946.7 1.28878e-14
23960 2.0061e-14
23973.3 1.86663e-13
23986.7 5.58758e-14
24000 1.69066e-14
24013.3 1.21975e-14
24026.7 1.08979e-14
24040 1.11157e-14
24053.3 1.41316e-14
24066.7 2.8104e-14
24080 1.20182e-13
24093.3 5.63466e-12
24106.7 8.00033e-13
24120 2.61738e-13
24133.3 1.86242e-13
24146.7 1.80641e-13
24160 2.1555e-13
24173.3 3.1397e-13
24186.7 5.96588e-13
24200 1.92213e-12
24213.3 1.39146e-10
24226.7 2.57525e-12
24240 4.63828e-13
24253.3 1.39429e-13
24266.7 3.69308e-14
24280 7.10483e-15
24293.3 5.03929e-14
24306.7 3.18758e-13
24320 2.21282e-12
24333.3 2.43788e-09
24346.7 4.30721e-12
24360 9.84081e-13
24373.3 2.71972e-13
24386.7 1.98384e-14
24400 1.25756e-13
24413.3 1.17696e-12
24426.7 6.4194e-12
24440 4.84149e-11
24453.3 3.73895e-08
24466.7 8.32666e-11
24480 2.42011e-11
24493.3 8.68341e-12
24506.7 1.17014e-12
24520 2.58463e-12
24533.3 4.36415e-11
24546.7 3.3674e-10
24560 3.77923e-09
24573.3 5.02215e-07
24586.7 1.09601e-08
24600 6.23544e-09
24613.3 5.93452e-09
24626.7 7.2523e-09
24640 1.06721e-08
24653.3 1.91076e-08
24666.7 4.5984e-08
24680 2.27735e-07
24693.3 4.85133e-06
24706.7 1.02753e-07
24720 2.4499e-08
24733.3 6.57653e-09
24746.7 3.80073e-10
24760 3.17476e-09
24773.3 3.3558e-08
24786.7 2.18682e-07
24800 2.45236e-06
24813.3 5.10198e-05
24826.7 3.38008e-06
24840 1.89887e-06
24853.3 1.6984e-06
24866.7 1.93531e-06
24880 2.66165e-06
24893.3 4.49439e-06
24906.7 1.04475e-05
24920 5.59129e-05
24933.3 0.000331987
24946.7 1.38648e-05
24960 3.26579e-06
24973.3 7.94188e-07
24986.7 2.31907e-08
25000 5.32645e-07
25013.3 4.70718e-06
25026.7 2.90934e-05
25040 0.000352428
25053.3 0.00276153
25066.7 0.000290174
25080 0.000164525
25093.3 0.000143368
25106.7 0.000157854
25120 0.00020964
25133.3 0.000343553
25146.7 0.000789124
25160 0.00462408
25173.3 0.0126365
25186.7 0.000727111
25200 0.000169362
25213.3 3.81021e-05
25226.7 4.82622e-07
25240 3.26935e-05
25253.3 0.000256798
25266.7 0.00153291
25280 0.0200484
25293.3 0.0833409
25306.7 0.0110814
25320 0.00629091
25333.3 0.00536244
25346.7 0.00574208
25360 0.00741214
25373.3 0.0118498
25386.7 0.026925
25400 0.170391
25413.3 0.276855
25426.7 0.0188362
25440 0.00431631
25453.3 0.000909976
25466.7 4.11297e-06
25480 0.000916022
25493.3 0.00662338
25506.7 0.0384136
25520 0.533319
25533.3 1.44345
25546.7 0.217299
25560 0.122377
25573.3 0.101934
25586.7 0.106244
25600 0.13344
25613.3 0.208101
25626.7 0.465905
25640 3.10924
25653.3 3.55812
25666.7 0.263597
25680 0.0591396
25693.3 0.0118064
25706.7 1.44776e-05
25720 0.0129675
25733.3 0.0881477
25746.7 0.497216
25760 7.15466
25773.3 14.5651
25786.7 2.32686
25800 1.28963
25813.3 1.04735
25826.7 1.0617
25840 1.29655
25853.3 1.96918
25866.7 4.3215
25880 29.606
25893.3 27.0038
25906.7 2.07178
25920 0.453379
25933.3 0.0864735
25946.7 1.90434e-05
25960 0.0977248
25973.3 0.632923
25986.7 3.46915
26000 50.4679
26013.3 85.9705
26026.7 13.988
26040 7.58111
26053.3 5.98883
26066.7 5.89673
26080 6.99315
26093.3 10.3232
26106.7 22.0981
26120 151.603
26133.3 120.679
26146.7 9.28358
26160 1.97587
26173.3 0.362541
26186.7 6.93119e-06
26200 0.403257
26213.3 2.50975
26226.7 13.3484
26240 192.21
26253.3 295.658
26266.7 47.7063
26280 25.1631
26293.3 19.2973
26306.7 18.4322
26320 21.2028
26333.3 30.369
26346.7 63.1689
26360 425.795
26373.3 314.645
26386.7 23.7784
26400 4.91175
26413.3 0.870992
26426.7 2.53863e-07
26440 0.925513
26453.3 5.56409
26466.7 28.6837
26480 402.946
26493.3 587.165
26506.7 92.4671
26520 47.3213
26533.3 35.1818
26546.7 32.5707
26560 36.3111
26573.3 50.4071
26586.7 101.65
26600 665.791
26613.3 472.53
26626.7 34.6973
26640 6.94699
26653.3 1.1932
